3.637204480361022618e-01 1.169282088157629751e+01 1.255841319397731803e+00
3.882227525583692440e-01 8.539017835294799852e+00 1.255841319397731803e+00
5.073779572361125645e-01 1.217646379529074352e+01 1.255841319397731803e+00
6.214687422851250531e-01 1.030897883004436899e+01 1.255841319397731803e+00
7.819451400996646484e-01 9.270484378800732728e+00 1.255841319397731803e+00
1.311760867031921407e+00 7.630553922998476679e+00 1.255841319397731803e+00
1.804069367515839240e+00 9.550140981129645823e+00 1.255841319397731803e+00
2.603236014488752303e+00 9.784551382143289899e+00 1.255841319397731803e+00
3.761875518972686017e+00 1.225513605647749849e+01 1.255841319397731803e+00
5.130722226245802986e+00 1.134462004489638254e+01 1.255841319397731803e+00
5.583505764266711857e+00 8.663538287685220496e+00 1.255841319397731803e+00
6.134074061700109937e+00 8.637197839709251923e+00 1.255841319397731803e+00
6.720993461395554647e+00 1.095704522385369728e+01 1.255841319397731803e+00
7.434235851359796143e+00 1.147603991338776552e+01 1.255841319397731803e+00
7.787571608564869408e+00 1.266866005624881808e+01 1.255841319397731803e+00
7.844337668833536448e+00 1.078068721648521233e+01 1.255841319397731803e+00
9.423854451606343829e+00 9.833203691299777560e+00 1.255841319397731803e+00
9.791731749103025351e+00 1.115325309555522537e+01 1.255841319397731803e+00
1.028445761430210581e+01 1.096901615583146672e+01 1.255841319397731803e+00
1.038993181838158364e+01 8.537167068012838200e+00 1.255841319397731803e+00
1.071798034557699708e+01 8.217642966045900721e+00 1.255841319397731803e+00
1.104169708030173780e+01 7.947918140981897750e+00 1.255841319397731803e+00
1.134099338182903871e+01 1.008572612192933526e+01 1.255841319397731803e+00
1.136060803738690694e+01 7.488388895133079259e+00 1.255841319397731803e+00
1.170680450834461261e+01 1.281147698932909051e+01 1.255841319397731803e+00
1.172130647717837704e+01 1.116838606921926136e+01 1.255841319397731803e+00
1.227227036135225902e+01 1.161770648456255906e+01 1.255841319397731803e+00
1.388674384686486718e+01 1.101587392062624815e+01 1.255841319397731803e+00
1.449424628419461314e+01 9.508084037590121440e+00 1.255841319397731803e+00
1.453742775901545414e+01 1.170547712153601339e+01 1.255841319397731803e+00
1.527343490449435492e+01 9.477413467415690462e+00 1.255841319397731803e+00
1.540796102770954690e+01 8.816112648848340783e+00 1.255841319397731803e+00
1.607759085413306721e+01 1.003034284235499740e+01 1.255841319397731803e+00
1.625868909981294053e+01 9.811381237425520041e+00 1.255841319397731803e+00
1.689383358764832010e+01 1.276755401682459734e+01 1.255841319397731803e+00
1.707920646919282603e+01 8.841640807364720800e+00 1.255841319397731803e+00
1.801758900896849980e+01 8.214313926104784613e+00 1.255841319397731803e+00
1.828616090981973485e+01 9.670654775622164578e+00 1.255841319397731803e+00
2.015324497404581905e+01 1.302091071275207668e+01 1.345525593937220599e+00
2.159155056137157302e+01 1.155306109462919650e+01 1.329219508528245886e+00
2.199166001817256699e+01 1.352162232953028465e+01 1.325204609590058258e+00
2.284650117007532089e+01 1.063851680255701382e+01 1.317310797597840644e+00
2.370314246176929629e+01 1.360826821739046011e+01 1.310260089367024872e+00
2.370918827442419285e+01 1.338821822011624718e+01 1.310213179809483153e+00
2.466410892817263090e+01 1.102055452854397544e+01 1.303269475473552319e+00
2.580347412466007029e+01 1.361036843178960787e+01 1.296094341845333897e+00
2.580581722396723166e+01 1.135321620300147316e+01 1.296080723592534234e+00
2.590179824416266996e+01 1.032617131152706591e+01 1.295526678117407737e+00
2.671172803317759303e+01 1.291274859368451899e+01 1.291135748039264897e+00
2.827923512130384864e+01 1.056380933534384958e+01 1.283935928821418937e+00
2.844656141949024075e+01 1.036267357363685804e+01 1.283257647218229991e+00
2.908910273656317713e+01 1.071545013648741040e+01 1.280798313819476064e+00
3.020916287423188606e+01 9.371864037265554614e+00 1.277016746522219748e+00
3.036188689680785302e+01 1.015952864931885635e+01 1.276546692178792686e+00
3.081572057078903271e+01 1.196699344527310238e+01 1.275209453459665632e+00
3.283305139289024055e+01 1.020376473469337242e+01 1.270222688250454812e+00
3.292771416300315224e+01 1.142374399245028904e+01 1.270022719818258983e+00
3.421893604705162062e+01 1.167637140452679390e+01 1.267554151608836221e+00
3.426273012565703624e+01 1.099476060063512328e+01 1.267478332963427157e+00
3.475844656948646616e+01 9.513147881235726189e+00 1.266653240277734849e+00
3.577462731180429500e+01 8.662835435125403549e+00 1.265138598279649695e+00
3.720809359414994333e+01 1.160900428879442003e+01 1.263353099284289183e+00
3.849068319096739543e+01 8.376350338520884620e+00 1.262046482580557072e+00
3.923079851077710600e+01 8.711474579144441677e+00 1.261398045282326574e+00
4.045642496056778015e+01 1.105502793213047141e+01 1.260469154979369844e+00
4.073854397912813141e+01 1.009632100057604376e+01 1.260278243997119851e+00
4.092520273770875860e+01 9.349967316723432731e+00 1.260156262398979710e+00
4.292238491299719527e+01 1.085908952746974876e+01 1.259042808588608064e+00
4.399950883057474016e+01 1.068848461738786781e+01 1.258566466531631178e+00
4.411428733102136590e+01 1.137452592324978262e+01 1.258520073805857509e+00
4.421808803428416468e+01 8.318564777167512858e+00 1.258478796917265052e+00
4.468349383534398100e+01 7.937144006941123209e+00 1.258301387574083385e+00
4.581841696864704261e+01 1.089006363505992248e+01 1.257917093236060824e+00
4.633699384199277915e+01 9.891905952550761327e+00 1.257762043454526246e+00
4.655643280391617367e+01 1.159953127445720256e+01 1.257699965544106124e+00
4.784898065871207962e+01 8.884933104010929839e+00 1.257372888381969034e+00
4.791633497119444485e+01 9.477735536858954646e+00 1.257357515891433186e+00
4.846153562283939920e+01 1.269686326121923869e+01 1.257238621790447652e+00
4.854157215974360184e+01 9.718924632736916536e+00 1.257221969758244295e+00
5.081044990225807112e+01 1.042214698840988518e+01 1.256824089964315716e+00
5.109053681608752129e+01 1.090157412805581671e+01 1.256783694140499952e+00
5.118931613800051394e+01 1.142189401835978657e+01 1.256769846850947836e+00
5.119874172926677858e+01 8.685094333777932718e+00 1.256768536204633691e+00
5.261196471547597753e+01 8.949624978836668632e+00 1.256591550134465773e+00
5.377006325537057307e+01 1.186255671434249770e+01 1.256471991136726807e+00
5.416825438756073652e+01 9.617939499456056751e+00 1.256435446549165835e+00
5.584803954763074785e+01 9.652546162944915409e+00 1.256303177534803250e+00
5.669058934080702983e+01 8.168854728419633560e+00 1.256248366984365372e+00
5.734509540597895239e+01 9.024573575920632251e+00 1.256210317766654594e+00
5.815153327321960575e+01 9.849556890129932185e+00 1.256168289441486063e+00
5.831360173448660333e+01 9.487631409233920010e+00 1.256160439055778788e+00
5.861690981596809280e+01 9.852892805690441236e+00 1.256146249966859196e+00
5.887978003441828179e+01 1.178085478786405460e+01 1.256134463808864066e+00
6.002125511002211056e+01 1.437356161940771315e+01 1.368198796261528516e+00
6.018597052707623618e+01 1.562981148757705796e+01 1.366527742067007445e+00
6.041643668359836994e+01 1.541689265701008615e+01 1.364227960348678659e+00
6.057917883442506479e+01 1.396614556365039306e+01 1.362630557529278086e+00
6.070802946980141712e+01 1.640052600502004410e+01 1.361381228660127007e+00
6.108196044678104641e+01 1.537421368492542584e+01 1.357831515445977022e+00
6.109184366220788576e+01 1.288019155036248620e+01 1.357739207225168832e+00
6.201675304230915486e+01 1.194110322283381720e+01 1.349434786669128528e+00
6.253228795016077157e+01 1.278741383344758376e+01 1.345083052601512286e+00
6.254559312432547102e+01 1.503993027868949639e+01 1.344973273644792133e+00
6.284304546357112287e+01 1.105051488485766953e+01 1.342551636186391839e+00
6.313125967774466574e+01 1.679843640877111710e+01 1.340263851753372704e+00
6.342576154774256025e+01 1.270518316232411671e+01 1.337984476541143053e+00
6.401555632431021081e+01 1.265316541016130003e+01 1.333591681038525989e+00
6.442076551339559387e+01 1.265542810594633849e+01 1.330702407359078077e+00
6.549568400407817137e+01 1.236772815891131927e+01 1.323519535793969304e+00
6.603040619935946154e+01 1.302503833492526297e+01 1.320193603267393323e+00
6.719301885087664061e+01 1.260996971451363713e+01 1.313488867998354070e+00
6.812461728355384594e+01 1.064106624232437781e+01 1.308601495829637251e+00
6.851042871523273448e+01 1.144543440816894275e+01 1.306695505117915879e+00
6.921108918137005617e+01 1.301517354171783580e+01 1.303401294720351267e+00
7.033903564544489484e+01 1.391480269760333854e+01 1.298524077274453958e+00
7.034436366471089741e+01 1.173279832924225907e+01 1.298502222627828218e+00
7.128127736778111512e+01 1.124331733357770702e+01 1.294822270793311692e+00
7.136456948873131978e+01 1.034457395672530389e+01 1.294510366109108634e+00
7.162265035419125070e+01 1.154186836338759115e+01 1.293559159422684068e+00
7.180578320134495129e+01 1.382541234854371659e+01 1.292897946093918948e+00
7.246016556703118283e+01 1.317930424384629617e+01 1.290625653764132963e+00
7.353676494637436178e+01 1.147339489030319726e+01 1.287177985227502486e+00
7.372401415550460513e+01 1.099859900126789114e+01 1.286613230185071011e+00
7.398548835043392558e+01 1.269681808017920766e+01 1.285841135088750642e+00
7.462159272919760156e+01 1.330723147217368840e+01 1.284040686078164573e+00
7.609255383553993113e+01 9.991347205265686426e+00 1.280271238779679299e+00
7.627946680516951972e+01 1.170844834902051446e+01 1.279829010335574946e+00
7.640491306727886922e+01 1.130920149631272764e+01 1.279536609481498166e+00
7.722825147319642269e+01 1.073662196946293967e+01 1.277702244137858933e+00
7.749697159531810087e+01 1.081714171148198211e+01 1.277134218188221260e+00
7.753706864867784532e+01 9.915041673287756652e+00 1.277050710022746838e+00
7.762058378106993928e+01 1.121878367610680982e+01 1.276877806596283360e+00
7.791233183050047728e+01 1.257363246979017291e+01 1.276284572410290696e+00
7.815948297233978792e+01 1.074938251959135371e+01 1.275794884778162830e+00
7.841285402013960493e+01 1.131743487485127986e+01 1.275304826169781469e+00
7.879212372398087894e+01 6.949605049582574523e+00 1.274593268272878888e+00
8.036636916136953346e+01 1.254584037790686146e+01 1.271903354562136768e+00
8.089628408953892347e+01 1.072119645919901387e+01 1.271086335575867921e+00
8.115738485235853261e+01 1.153907201617298028e+01 1.270698973243197027e+00
8.157179388453822355e+01 8.354087430915488000e+00 1.270104002632474138e+00
8.266932439250483355e+01 9.981742767968439622e+00 1.268639493137163843e+00
8.386067188739730227e+01 1.132027336727193756e+01 1.267217658673088110e+00
8.470509016633005217e+01 1.118552825008594631e+01 1.266305637433168041e+00
8.474215643841802148e+01 9.061933568119355797e+00 1.266267306281117389e+00
8.643490094065505502e+01 1.095714865868571941e+01 1.264657377877010269e+00
8.665647757848549304e+01 1.206475640005931105e+01 1.264465770749184870e+00
8.698021905160719314e+01 9.055278812721278214e+00 1.264193219469098795e+00
8.887208571462336693e+01 6.703416165596969734e+00 1.262763115193129781e+00
8.893022180378451935e+01 9.972344819384991510e+00 1.262723254411700857e+00
8.964958825191834535e+01 1.163663215289908237e+01 1.262248493801740867e+00
9.152269585515703909e+01 9.843136349840056809e+00 1.261159599227501538e+00
9.251696647962215536e+01 9.166543840797771736e+00 1.260658560999789124e+00
9.405498025114201255e+01 1.055777697102329959e+01 1.259974520661620634e+00
9.407260804118277520e+01 8.510208538711234283e+00 1.259967269640670073e+00
9.456129748460702444e+01 9.374816758623845558e+00 1.259771219337828541e+00
9.609146837001750896e+01 9.283519669287725762e+00 1.259215406272043758e+00
9.624458254573380600e+01 9.739437353910343376e+00 1.259164298709992469e+00
9.835009871803033832e+01 1.233081022389814052e+01 1.258534991134651282e+00
1.002256172176803091e+02 9.374287759664845510e+00 1.258075301857600969e+00
1.005496602908986006e+02 1.031776897596674480e+01 1.258004215709147555e+00
1.007981427050594192e+02 9.492539639524142814e+00 1.257951238503610458e+00
1.008957181934622298e+02 9.080139988463720613e+00 1.257930790994344683e+00
1.009685472528313852e+02 1.051014997193252043e+01 1.257915658239188161e+00
1.014765702334784550e+02 1.086608032780840460e+01 1.257813098269468410e+00
1.015982390231831971e+02 1.082262708603726509e+01 1.257789296558355252e+00
1.022178437389839445e+02 1.201910345794201085e+01 1.257672461858010848e+00
1.023031087106562040e+02 1.097297726931357076e+01 1.257656941274488460e+00
1.031238026148244131e+02 8.453578810747234940e+00 1.257514107274781079e+00
1.031975854769506640e+02 1.004049568274859894e+01 1.257501829338060872e+00
1.033859502425360404e+02 1.198600850028839027e+01 1.257470890765779892e+00
1.036734236960366644e+02 1.087934965669071552e+01 1.257424779633384393e+00
1.037258477403626244e+02 8.464445233573711036e+00 1.257416512296750000e+00
1.042759899988768524e+02 1.021389007491571377e+01 1.257332311209750531e+00
1.048089378253837651e+02 1.082676327561999763e+01 1.257255030498062975e+00
1.048965090356061154e+02 1.183700360577417499e+01 1.257242720443018102e+00
1.050916996895908824e+02 9.556710766880970098e+00 1.257215665965100815e+00
1.066264592781626419e+02 8.796855591386504969e+00 1.257020337705519797e+00
1.089635826093166600e+02 9.026617563067082628e+00 1.256774826994336181e+00
1.090224209437624836e+02 9.476605019372426497e+00 1.256769355124334631e+00
1.091496576612563558e+02 9.597043599728491969e+00 1.256757631644817463e+00
1.091573739138304404e+02 8.378801292895875719e+00 1.256756925453887064e+00
1.102440670360355028e+02 9.612416098107150475e+00 1.256662712697156126e+00
1.104594169749607602e+02 1.000844515292627790e+01 1.256645225762746065e+00
1.111274125557938248e+02 9.138631669466311891e+00 1.256593314558761776e+00
1.113371335209685498e+02 1.092678954336834174e+01 1.256577718163096602e+00
1.114328276975748651e+02 1.206295926229648785e+01 1.256570709444198908e+00
1.118843643992704386e+02 1.060487537928172941e+01 1.256538527363551871e+00
1.122865874899570144e+02 7.324056333218217141e+00 1.256511056956656880e+00
1.123402562305775803e+02 9.919132176205382123e+00 1.256507474313476314e+00
1.128330088162101248e+02 1.156732321855417034e+01 1.256475463017388883e+00
1.132414408210937324e+02 1.040341789650772064e+01 1.256450098056594911e+00
1.135654724458364910e+02 9.019395275862203576e+00 1.256430697992833689e+00
1.136978806854448436e+02 1.026110031322338578e+01 1.256422949553529511e+00
1.144004314619712375e+02 7.765155672215250604e+00 1.256383508287878925e+00
1.151928379445335935e+02 9.893713842918401724e+00 1.256342221155832384e+00
1.156248796208053449e+02 1.064480509925611607e+01 1.256321049807980650e+00
1.161271359034142279e+02 9.414310691938464259e+00 1.256297559451684975e+00
1.186897968275499267e+02 8.348698646375675381e+00 1.256194451307951265e+00
1.186938106422949915e+02 1.028049770247232431e+01 1.256194309638310802e+00
1.198476230472249568e+02 1.166837613856874434e+01 1.256155853248869469e+00
