39.967
33.617
41.477
50.230
32.658
32.659
50.792
42.674
30.305
40.426
30.366
30.343
37.420
15.867
17.751
29.377
24.872
38.142
25.920
20.877
49.656
32.742
35.675
20.753
29.556
36.109
23.490
38.757
28.994
32.083
28.983
53.523
34.865
24.423
43.225
22.792
37.089
15.403
21.718
36.969
42.385
36.714
33.844
31.989
20.215
27.802
30.394
45.571
38.436
17.370
38.241
31.149
28.231
41.117
45.310
44.313
26.608
31.908
38.313
44.755
30.208
33.143
23.937
23.038
43.125
48.562
34.280
45.035
38.616
28.549
38.614
50.380
34.642
50.646
8.803
43.219
35.870
32.010
35.918
15.124
32.803
38.571
49.779
29.817
26.915
29.982
44.154
38.288
29.702
40.133
35.971
44.686
27.979
31.723
31.079
20.365
37.961
37.611
35.051
32.654
