4.436909147567430267e+01 1.900215817678339647e+01 4.000000000000000083e-02
4.739829118084002602e+01 1.902058994569934569e+01 4.000000000000000083e-02
6.448436258533047294e+01 1.893018705012761060e+01 4.000000000000000083e-02
6.771049661492396865e+01 1.855931941871176605e+01 4.000000000000000083e-02
6.734855063789652263e+01 1.874010942672074265e+01 4.000000000000000083e-02
9.718972453749403329e+00 1.846408508437325935e+01 4.000000000000000083e-02
8.334804920394698513e+01 1.886969466542487694e+01 4.000000000000000083e-02
2.178822973250670003e+01 1.907868108236712246e+01 4.000000000000000083e-02
3.653432560082384839e+01 1.833211382768355691e+01 4.000000000000000083e-02
8.778838054409516189e+01 1.835967856601708448e+01 4.000000000000000083e-02
7.060242275987252469e+01 1.847178209506529711e+01 4.000000000000000083e-02
8.866963178969915305e+01 1.856804681874704954e+01 4.000000000000000083e-02
8.831959389612715938e+01 1.875746094926673990e+01 4.000000000000000083e-02
1.244140348128820506e+01 1.897284414839462841e+01 4.000000000000000083e-02
5.836009828060657867e+01 1.842573985499672418e+01 4.000000000000000083e-02
6.544807009876106463e+01 1.895273782875473145e+01 4.000000000000000083e-02
3.935936385947712068e+01 1.891633308011650172e+01 4.000000000000000083e-02
8.745899158969697851e+01 1.861611975529600826e+01 4.000000000000000083e-02
4.650713149725733331e+01 1.887575905289218525e+01 4.000000000000000083e-02
8.833207374817439472e+01 1.872357497246131075e+01 4.000000000000000083e-02
8.164623605968500897e+01 1.873810901889187619e+01 4.000000000000000083e-02
3.758330072710328551e+01 1.886799247148682568e+01 4.000000000000000083e-02
2.543269474546972475e+01 1.889848767592169310e+01 4.000000000000000083e-02
7.756162402673334100e+01 1.900562887667835810e+01 4.000000000000000083e-02
7.234697025537921888e+01 1.866904927449450469e+01 4.000000000000000083e-02
9.587973247778091235e+00 1.899834819914605433e+01 4.000000000000000083e-02
2.076464809878810769e+01 1.892686018259871261e+01 4.000000000000000083e-02
8.045928447622566182e+01 1.884932447820580492e+01 4.000000000000000083e-02
6.963370518998183911e+01 1.900149177378181164e+01 4.000000000000000083e-02
7.936589893120219585e+01 1.831999439265720753e+01 4.000000000000000083e-02
4.765816360205928248e+01 1.885236061388243556e+01 4.000000000000000083e-02
6.444470304647359171e+01 1.889916052808946390e+01 4.000000000000000083e-02
8.239159568100355102e+01 1.860413720924348979e+01 4.000000000000000083e-02
9.959325646740504112e+01 1.842058443453506555e+01 4.000000000000000083e-02
8.831005377309374182e+01 1.868701585004955135e+01 4.000000000000000083e-02
4.971447001460867909e+01 1.882531526068613204e+01 4.000000000000000083e-02
2.930234773809627313e+01 1.893582826437203082e+01 4.000000000000000083e-02
1.963890826839811510e+01 1.897181021694557401e+01 4.000000000000000083e-02
1.943500398659608308e+01 1.866139658281075597e+01 4.000000000000000083e-02
1.466759701106129832e+01 1.879332473461237640e+01 4.000000000000000083e-02
3.978109427255871822e+01 1.894313398195052756e+01 4.000000000000000083e-02
3.242437657175997856e+01 1.860154265838971810e+01 4.000000000000000083e-02
6.558807866720891866e+01 1.850312026453581282e+01 4.000000000000000083e-02
9.596020965635920774e+00 1.907899985669388698e+01 4.000000000000000083e-02
5.758612595289543634e+01 1.846462076633925520e+01 4.000000000000000083e-02
3.241154081632030426e+01 1.849096617799782294e+01 4.000000000000000083e-02
3.177637450575849343e+01 1.887157662955026893e+01 4.000000000000000083e-02
7.452356268930880390e+01 1.880614004984981946e+01 4.000000000000000083e-02
2.372320433623556468e+01 1.882257432314237988e+01 4.000000000000000083e-02
3.564973963765874743e+01 1.904232415350820418e+01 4.000000000000000083e-02
7.544871847542756882e+01 1.899031928898773458e+01 4.000000000000000083e-02
5.570689890985123327e+01 1.895860886367919917e+01 4.000000000000000083e-02
2.849825287042349231e+01 1.905504901816932772e+01 4.000000000000000083e-02
3.474055159855557662e+01 1.889767066085878255e+01 4.000000000000000083e-02
5.906364363179292809e-01 1.883686010245628140e+01 4.000000000000000083e-02
7.408676809274263864e-01 1.892181416501921731e+01 4.000000000000000083e-02
3.664626579503887882e+01 1.870970944470222364e+01 4.000000000000000083e-02
5.366262713990981581e+01 1.887150562190397096e+01 4.000000000000000083e-02
5.550662190963350895e+00 1.859815361546522894e+01 4.000000000000000083e-02
3.877804181736161127e+01 1.872909277885835166e+01 4.000000000000000083e-02
1.762199509961481780e+01 1.833666852908834244e+01 4.000000000000000083e-02
7.951192752427908772e+01 1.871799566849444219e+01 4.000000000000000083e-02
4.603196607063962276e+00 1.842094725547636358e+01 4.000000000000000083e-02
4.230959659915466631e+01 1.894811929621902280e+01 4.000000000000000083e-02
5.845078740833726982e+01 1.855240717459762578e+01 4.000000000000000083e-02
3.163008676874634162e+01 1.868780147395613866e+01 4.000000000000000083e-02
1.445038803605222189e+00 1.887496523966657946e+01 4.000000000000000083e-02
6.560900771449941260e+01 1.860951226735197750e+01 4.000000000000000083e-02
4.151438435047288067e+01 1.899933291929555423e+01 4.000000000000000083e-02
5.736773703211122211e+01 1.891319847142420940e+01 4.000000000000000083e-02
3.544914116297801598e+01 1.882554348861366833e+01 4.000000000000000083e-02
1.158498245535063376e+01 1.896505514523103386e+01 4.000000000000000083e-02
4.659543638062408633e+01 1.853906621074074224e+01 4.000000000000000083e-02
8.258716262442479206e+01 1.898494823229667716e+01 4.000000000000000083e-02
9.162660040992857091e+01 1.850800445596939170e+01 4.000000000000000083e-02
6.260516350008444864e-01 1.890381228466342378e+01 4.000000000000000083e-02
1.451570921771698686e+01 1.895556081006776239e+01 4.000000000000000083e-02
9.974827329792552177e+01 1.890219706799859622e+01 4.000000000000000083e-02
5.348378093502394393e+01 1.874097851542774862e+01 4.000000000000000083e-02
1.251793246263281389e+01 1.901949998614295723e+01 4.000000000000000083e-02
4.274596167750783593e+01 1.897895889491342558e+01 4.000000000000000083e-02
8.470309699452303676e+01 1.899387420933427606e+01 4.000000000000000083e-02
7.565194429177017810e+01 1.847085432179762421e+01 4.000000000000000083e-02
6.835011344365614150e+01 1.896646647673479436e+01 4.000000000000000083e-02
6.759741306872336430e+00 1.844404858258664603e+01 4.000000000000000083e-02
6.865712064977455498e+01 1.892337131782919357e+01 4.000000000000000083e-02
4.779942350328393275e+01 1.897402558861006483e+01 4.000000000000000083e-02
3.374724152328996585e+00 1.816230128410829181e+01 4.000000000000000083e-02
7.673406302868410478e+01 1.888827373078781946e+01 4.000000000000000083e-02
5.238124646733818679e+01 1.899582024506451106e+01 4.000000000000000083e-02
7.860777978214191819e+01 1.854799980084640509e+01 4.000000000000000083e-02
1.536190999142472080e+01 1.893248391764807081e+01 4.000000000000000083e-02
2.072400411466111692e+01 1.875750838038304025e+01 4.000000000000000083e-02
9.970365947936249995e+01 1.874879007746230641e+01 4.000000000000000083e-02
5.858455036930729420e+01 1.888515286838181950e+01 4.000000000000000083e-02
2.350359164861299988e+01 1.839168383474083157e+01 4.000000000000000083e-02
7.933458349772756435e+01 1.898448110550535262e+01 4.000000000000000083e-02
1.364871438657228175e+01 1.894906428714385527e+01 4.000000000000000083e-02
8.552677134133902825e+01 1.894196576582191582e+01 4.000000000000000083e-02
4.866102779973517301e+01 1.903255145235425161e+01 4.000000000000000083e-02
